1 8 4 6 4 8 13 6 9 3 11 7 10 2 10 7 12 3 12 6 12 5 13 8 14 8 1
1 8 4 6 4 8 13 6 9 3 11 7 10 2 10 7 12 6 12 3 12 5 13 8 14 8 1
1 8 4 6 4 8 13 6 9 3 12 3 11 7 10 2 10 7 12 6 12 5 13 8 14 8 1
1 8 4 6 4 8 13 6 9 3 12 6 12 3 11 7 10 2 10 7 12 5 13 8 14 8 1
1 8 4 6 4 8 13 6 12 3 11 7 10 2 10 7 12 6 9 3 12 5 13 8 14 8 1
1 8 4 6 4 8 13 6 12 3 12 6 9 3 11 7 10 2 10 7 12 5 13 8 14 8 1
1 8 4 6 4 8 13 6 12 6 9 3 11 7 10 2 10 7 12 3 12 5 13 8 14 8 1
1 8 4 6 4 8 13 6 12 6 9 3 12 3 11 7 10 2 10 7 12 5 13 8 14 8 1
1 8 4 6 4 8 14 8 13 6 9 3 11 7 10 2 10 7 12 3 12 6 12 5 13 8 1
1 8 4 6 4 8 14 8 13 6 9 3 11 7 10 2 10 7 12 6 12 3 12 5 13 8 1
1 8 4 6 4 8 14 8 13 6 9 3 12 3 11 7 10 2 10 7 12 6 12 5 13 8 1
1 8 4 6 4 8 14 8 13 6 9 3 12 6 12 3 11 7 10 2 10 7 12 5 13 8 1
1 8 4 6 4 8 14 8 13 6 12 3 11 7 10 2 10 7 12 6 9 3 12 5 13 8 1
1 8 4 6 4 8 14 8 13 6 12 3 12 6 9 3 11 7 10 2 10 7 12 5 13 8 1
1 8 4 6 4 8 14 8 13 6 12 6 9 3 11 7 10 2 10 7 12 3 12 5 13 8 1
1 8 4 6 4 8 14 8 13 6 12 6 9 3 12 3 11 7 10 2 10 7 12 5 13 8 1
1 8 4 6 9 3 11 7 10 2 10 7 12 3 12 5 13 6 12 6 4 8 13 8 14 8 1
1 8 4 6 9 3 11 7 10 2 10 7 12 3 12 5 13 6 12 6 4 8 14 8 13 8 1
1 8 4 6 9 3 11 7 10 2 10 7 12 3 12 5 13 8 13 6 12 6 4 8 14 8 1
1 8 4 6 9 3 11 7 10 2 10 7 12 3 12 5 13 8 14 8 13 6 12 6 4 8 1
1 8 4 6 9 3 11 7 10 2 10 7 12 3 12 6 4 8 13 6 12 5 13 8 14 8 1
1 8 4 6 9 3 11 7 10 2 10 7 12 3 12 6 4 8 14 8 13 6 12 5 13 8 1
1 8 4 6 9 3 11 7 10 2 10 7 12 3 12 6 12 5 13 6 4 8 13 8 14 8 1
1 8 4 6 9 3 11 7 10 2 10 7 12 3 12 6 12 5 13 6 4 8 14 8 13 8 1
1 8 4 6 9 3 11 7 10 2 10 7 12 3 12 6 12 5 13 8 13 6 4 8 14 8 1
1 8 4 6 9 3 11 7 10 2 10 7 12 3 12 6 12 5 13 8 14 8 13 6 4 8 1
1 8 4 6 9 3 11 7 10 2 10 7 12 5 13 6 12 3 12 6 4 8 13 8 14 8 1
1 8 4 6 9 3 11 7 10 2 10 7 12 5 13 6 12 3 12 6 4 8 14 8 13 8 1
1 8 4 6 9 3 11 7 10 2 10 7 12 5 13 8 13 6 12 3 12 6 4 8 14 8 1
1 8 4 6 9 3 11 7 10 2 10 7 12 5 13 8 14 8 13 6 12 3 12 6 4 8 1
1 8 4 6 9 3 11 7 10 2 10 7 12 6 4 8 13 6 12 3 12 5 13 8 14 8 1
1 8 4 6 9 3 11 7 10 2 10 7 12 6 4 8 14 8 13 6 12 3 12 5 13 8 1
1 8 4 6 9 3 11 7 10 2 10 7 12 6 12 3 12 5 13 6 4 8 13 8 14 8 1
1 8 4 6 9 3 11 7 10 2 10 7 12 6 12 3 12 5 13 6 4 8 14 8 13 8 1
1 8 4 6 9 3 11 7 10 2 10 7 12 6 12 3 12 5 13 8 13 6 4 8 14 8 1
1 8 4 6 9 3 11 7 10 2 10 7 12 6 12 3 12 5 13 8 14 8 13 6 4 8 1
1 8 4 6 9 3 12 3 11 7 10 2 10 7 12 5 13 6 12 6 4 8 13 8 14 8 1
1 8 4 6 9 3 12 3 11 7 10 2 10 7 12 5 13 6 12 6 4 8 14 8 13 8 1
1 8 4 6 9 3 12 3 11 7 10 2 10 7 12 5 13 8 13 6 12 6 4 8 14 8 1
1 8 4 6 9 3 12 3 11 7 10 2 10 7 12 5 13 8 14 8 13 6 12 6 4 8 1
1 8 4 6 9 3 12 3 11 7 10 2 10 7 12 6 4 8 13 6 12 5 13 8 14 8 1
1 8 4 6 9 3 12 3 11 7 10 2 10 7 12 6 4 8 14 8 13 6 12 5 13 8 1
1 8 4 6 9 3 12 3 11 7 10 2 10 7 12 6 12 5 13 6 4 8 13 8 14 8 1
1 8 4 6 9 3 12 3 11 7 10 2 10 7 12 6 12 5 13 6 4 8 14 8 13 8 1
1 8 4 6 9 3 12 3 11 7 10 2 10 7 12 6 12 5 13 8 13 6 4 8 14 8 1
1 8 4 6 9 3 12 3 11 7 10 2 10 7 12 6 12 5 13 8 14 8 13 6 4 8 1
1 8 4 6 9 3 12 5 13 6 12 3 11 7 10 2 10 7 12 6 4 8 13 8 14 8 1
1 8 4 6 9 3 12 5 13 6 12 3 11 7 10 2 10 7 12 6 4 8 14 8 13 8 1
1 8 4 6 9 3 12 5 13 8 13 6 12 3 11 7 10 2 10 7 12 6 4 8 14 8 1
1 8 4 6 9 3 12 5 13 8 14 8 13 6 12 3 11 7 10 2 10 7 12 6 4 8 1
1 8 4 6 9 3 12 6 4 8 13 6 12 3 11 7 10 2 10 7 12 5 13 8 14 8 1
1 8 4 6 9 3 12 6 4 8 14 8 13 6 12 3 11 7 10 2 10 7 12 5 13 8 1
1 8 4 6 9 3 12 6 12 3 11 7 10 2 10 7 12 5 13 6 4 8 13 8 14 8 1
1 8 4 6 9 3 12 6 12 3 11 7 10 2 10 7 12 5 13 6 4 8 14 8 13 8 1
1 8 4 6 9 3 12 6 12 3 11 7 10 2 10 7 12 5 13 8 13 6 4 8 14 8 1
1 8 4 6 9 3 12 6 12 3 11 7 10 2 10 7 12 5 13 8 14 8 13 6 4 8 1
1 8 4 6 12 3 11 7 10 2 10 7 12 5 13 6 9 3 12 6 4 8 13 8 14 8 1
1 8 4 6 12 3 11 7 10 2 10 7 12 5 13 6 9 3 12 6 4 8 14 8 13 8 1
1 8 4 6 12 3 11 7 10 2 10 7 12 5 13 8 13 6 9 3 12 6 4 8 14 8 1
1 8 4 6 12 3 11 7 10 2 10 7 12 5 13 8 14 8 13 6 9 3 12 6 4 8 1
1 8 4 6 12 3 11 7 10 2 10 7 12 6 4 8 13 6 9 3 12 5 13 8 14 8 1
1 8 4 6 12 3 11 7 10 2 10 7 12 6 4 8 14 8 13 6 9 3 12 5 13 8 1
1 8 4 6 12 3 11 7 10 2 10 7 12 6 9 3 12 5 13 6 4 8 13 8 14 8 1
1 8 4 6 12 3 11 7 10 2 10 7 12 6 9 3 12 5 13 6 4 8 14 8 13 8 1
1 8 4 6 12 3 11 7 10 2 10 7 12 6 9 3 12 5 13 8 13 6 4 8 14 8 1
1 8 4 6 12 3 11 7 10 2 10 7 12 6 9 3 12 5 13 8 14 8 13 6 4 8 1
1 8 4 6 12 3 12 5 13 6 9 3 11 7 10 2 10 7 12 6 4 8 13 8 14 8 1
1 8 4 6 12 3 12 5 13 6 9 3 11 7 10 2 10 7 12 6 4 8 14 8 13 8 1
1 8 4 6 12 3 12 5 13 8 13 6 9 3 11 7 10 2 10 7 12 6 4 8 14 8 1
1 8 4 6 12 3 12 5 13 8 14 8 13 6 9 3 11 7 10 2 10 7 12 6 4 8 1
1 8 4 6 12 3 12 6 4 8 13 6 9 3 11 7 10 2 10 7 12 5 13 8 14 8 1
1 8 4 6 12 3 12 6 4 8 14 8 13 6 9 3 11 7 10 2 10 7 12 5 13 8 1
1 8 4 6 12 3 12 6 9 3 11 7 10 2 10 7 12 5 13 6 4 8 13 8 14 8 1
1 8 4 6 12 3 12 6 9 3 11 7 10 2 10 7 12 5 13 6 4 8 14 8 13 8 1
1 8 4 6 12 3 12 6 9 3 11 7 10 2 10 7 12 5 13 8 13 6 4 8 14 8 1
1 8 4 6 12 3 12 6 9 3 11 7 10 2 10 7 12 5 13 8 14 8 13 6 4 8 1
1 8 4 6 12 5 13 6 9 3 11 7 10 2 10 7 12 3 12 6 4 8 13 8 14 8 1
1 8 4 6 12 5 13 6 9 3 11 7 10 2 10 7 12 3 12 6 4 8 14 8 13 8 1
1 8 4 6 12 5 13 6 9 3 12 3 11 7 10 2 10 7 12 6 4 8 13 8 14 8 1
1 8 4 6 12 5 13 6 9 3 12 3 11 7 10 2 10 7 12 6 4 8 14 8 13 8 1
1 8 4 6 12 5 13 8 13 6 9 3 11 7 10 2 10 7 12 3 12 6 4 8 14 8 1
1 8 4 6 12 5 13 8 13 6 9 3 12 3 11 7 10 2 10 7 12 6 4 8 14 8 1
1 8 4 6 12 5 13 8 14 8 13 6 9 3 11 7 10 2 10 7 12 3 12 6 4 8 1
1 8 4 6 12 5 13 8 14 8 13 6 9 3 12 3 11 7 10 2 10 7 12 6 4 8 1
1 8 4 6 12 6 4 8 13 6 9 3 11 7 10 2 10 7 12 3 12 5 13 8 14 8 1
1 8 4 6 12 6 4 8 13 6 9 3 12 3 11 7 10 2 10 7 12 5 13 8 14 8 1
1 8 4 6 12 6 4 8 14 8 13 6 9 3 11 7 10 2 10 7 12 3 12 5 13 8 1
1 8 4 6 12 6 4 8 14 8 13 6 9 3 12 3 11 7 10 2 10 7 12 5 13 8 1
1 8 4 6 12 6 9 3 11 7 10 2 10 7 12 3 12 5 13 6 4 8 13 8 14 8 1
1 8 4 6 12 6 9 3 11 7 10 2 10 7 12 3 12 5 13 6 4 8 14 8 13 8 1
1 8 4 6 12 6 9 3 11 7 10 2 10 7 12 3 12 5 13 8 13 6 4 8 14 8 1
1 8 4 6 12 6 9 3 11 7 10 2 10 7 12 3 12 5 13 8 14 8 13 6 4 8 1
1 8 4 6 12 6 9 3 12 3 11 7 10 2 10 7 12 5 13 6 4 8 13 8 14 8 1
1 8 4 6 12 6 9 3 12 3 11 7 10 2 10 7 12 5 13 6 4 8 14 8 13 8 1
1 8 4 6 12 6 9 3 12 3 11 7 10 2 10 7 12 5 13 8 13 6 4 8 14 8 1
1 8 4 6 12 6 9 3 12 3 11 7 10 2 10 7 12 5 13 8 14 8 13 6 4 8 1
1 8 4 8 13 6 4 6 9 3 11 7 10 2 10 7 12 3 12 6 12 5 13 8 14 8 1
1 8 4 8 13 6 4 6 9 3 11 7 10 2 10 7 12 6 12 3 12 5 13 8 14 8 1
1 8 4 8 13 6 4 6 9 3 12 3 11 7 10 2 10 7 12 6 12 5 13 8 14 8 1
1 8 4 8 13 6 4 6 9 3 12 6 12 3 11 7 10 2 10 7 12 5 13 8 14 8 1
1 8 4 8 13 6 4 6 12 3 11 7 10 2 10 7 12 6 9 3 12 5 13 8 14 8 1
1 8 4 8 13 6 4 6 12 3 12 6 9 3 11 7 10 2 10 7 12 5 13 8 14 8 1
1 8 4 8 13 6 4 6 12 6 9 3 11 7 10 2 10 7 12 3 12 5 13 8 14 8 1
1 8 4 8 13 6 4 6 12 6 9 3 12 3 11 7 10 2 10 7 12 5 13 8 14 8 1
1 8 4 8 13 6 9 3 11 7 10 2 10 7 12 3 12 6 4 6 12 5 13 8 14 8 1
1 8 4 8 13 6 9 3 11 7 10 2 10 7 12 6 4 6 12 3 12 5 13 8 14 8 1
1 8 4 8 13 6 9 3 12 3 11 7 10 2 10 7 12 6 4 6 12 5 13 8 14 8 1
1 8 4 8 13 6 9 3 12 6 4 6 12 3 11 7 10 2 10 7 12 5 13 8 14 8 1
1 8 4 8 13 6 12 3 11 7 10 2 10 7 12 6 4 6 9 3 12 5 13 8 14 8 1
1 8 4 8 13 6 12 3 12 6 4 6 9 3 11 7 10 2 10 7 12 5 13 8 14 8 1
1 8 4 8 13 6 12 6 4 6 9 3 11 7 10 2 10 7 12 3 12 5 13 8 14 8 1
1 8 4 8 13 6 12 6 4 6 9 3 12 3 11 7 10 2 10 7 12 5 13 8 14 8 1
1 8 4 8 14 8 13 6 4 6 9 3 11 7 10 2 10 7 12 3 12 6 12 5 13 8 1
1 8 4 8 14 8 13 6 4 6 9 3 11 7 10 2 10 7 12 6 12 3 12 5 13 8 1
1 8 4 8 14 8 13 6 4 6 9 3 12 3 11 7 10 2 10 7 12 6 12 5 13 8 1
1 8 4 8 14 8 13 6 4 6 9 3 12 6 12 3 11 7 10 2 10 7 12 5 13 8 1
1 8 4 8 14 8 13 6 4 6 12 3 11 7 10 2 10 7 12 6 9 3 12 5 13 8 1
1 8 4 8 14 8 13 6 4 6 12 3 12 6 9 3 11 7 10 2 10 7 12 5 13 8 1
1 8 4 8 14 8 13 6 4 6 12 6 9 3 11 7 10 2 10 7 12 3 12 5 13 8 1
1 8 4 8 14 8 13 6 4 6 12 6 9 3 12 3 11 7 10 2 10 7 12 5 13 8 1
1 8 4 8 14 8 13 6 9 3 11 7 10 2 10 7 12 3 12 6 4 6 12 5 13 8 1
1 8 4 8 14 8 13 6 9 3 11 7 10 2 10 7 12 6 4 6 12 3 12 5 13 8 1
1 8 4 8 14 8 13 6 9 3 12 3 11 7 10 2 10 7 12 6 4 6 12 5 13 8 1
1 8 4 8 14 8 13 6 9 3 12 6 4 6 12 3 11 7 10 2 10 7 12 5 13 8 1
1 8 4 8 14 8 13 6 12 3 11 7 10 2 10 7 12 6 4 6 9 3 12 5 13 8 1
1 8 4 8 14 8 13 6 12 3 12 6 4 6 9 3 11 7 10 2 10 7 12 5 13 8 1
1 8 4 8 14 8 13 6 12 6 4 6 9 3 11 7 10 2 10 7 12 3 12 5 13 8 1
1 8 4 8 14 8 13 6 12 6 4 6 9 3 12 3 11 7 10 2 10 7 12 5 13 8 1
1 8 13 6 4 6 9 3 11 7 10 2 10 7 12 3 12 6 12 5 13 8 4 8 14 8 1
1 8 13 6 4 6 9 3 11 7 10 2 10 7 12 3 12 6 12 5 13 8 14 8 4 8 1
1 8 13 6 4 6 9 3 11 7 10 2 10 7 12 6 12 3 12 5 13 8 4 8 14 8 1
1 8 13 6 4 6 9 3 11 7 10 2 10 7 12 6 12 3 12 5 13 8 14 8 4 8 1
1 8 13 6 4 6 9 3 12 3 11 7 10 2 10 7 12 6 12 5 13 8 4 8 14 8 1
1 8 13 6 4 6 9 3 12 3 11 7 10 2 10 7 12 6 12 5 13 8 14 8 4 8 1
1 8 13 6 4 6 9 3 12 6 12 3 11 7 10 2 10 7 12 5 13 8 4 8 14 8 1
1 8 13 6 4 6 9 3 12 6 12 3 11 7 10 2 10 7 12 5 13 8 14 8 4 8 1
1 8 13 6 4 6 12 3 11 7 10 2 10 7 12 6 9 3 12 5 13 8 4 8 14 8 1
1 8 13 6 4 6 12 3 11 7 10 2 10 7 12 6 9 3 12 5 13 8 14 8 4 8 1
1 8 13 6 4 6 12 3 12 6 9 3 11 7 10 2 10 7 12 5 13 8 4 8 14 8 1
1 8 13 6 4 6 12 3 12 6 9 3 11 7 10 2 10 7 12 5 13 8 14 8 4 8 1
1 8 13 6 4 6 12 6 9 3 11 7 10 2 10 7 12 3 12 5 13 8 4 8 14 8 1
1 8 13 6 4 6 12 6 9 3 11 7 10 2 10 7 12 3 12 5 13 8 14 8 4 8 1
1 8 13 6 4 6 12 6 9 3 12 3 11 7 10 2 10 7 12 5 13 8 4 8 14 8 1
1 8 13 6 4 6 12 6 9 3 12 3 11 7 10 2 10 7 12 5 13 8 14 8 4 8 1
1 8 13 6 4 8 4 6 9 3 11 7 10 2 10 7 12 3 12 6 12 5 13 8 14 8 1
1 8 13 6 4 8 4 6 9 3 11 7 10 2 10 7 12 6 12 3 12 5 13 8 14 8 1
1 8 13 6 4 8 4 6 9 3 12 3 11 7 10 2 10 7 12 6 12 5 13 8 14 8 1
1 8 13 6 4 8 4 6 9 3 12 6 12 3 11 7 10 2 10 7 12 5 13 8 14 8 1
1 8 13 6 4 8 4 6 12 3 11 7 10 2 10 7 12 6 9 3 12 5 13 8 14 8 1
1 8 13 6 4 8 4 6 12 3 12 6 9 3 11 7 10 2 10 7 12 5 13 8 14 8 1
1 8 13 6 4 8 4 6 12 6 9 3 11 7 10 2 10 7 12 3 12 5 13 8 14 8 1
1 8 13 6 4 8 4 6 12 6 9 3 12 3 11 7 10 2 10 7 12 5 13 8 14 8 1
1 8 13 6 4 8 14 8 4 6 9 3 11 7 10 2 10 7 12 3 12 6 12 5 13 8 1
1 8 13 6 4 8 14 8 4 6 9 3 11 7 10 2 10 7 12 6 12 3 12 5 13 8 1
1 8 13 6 4 8 14 8 4 6 9 3 12 3 11 7 10 2 10 7 12 6 12 5 13 8 1
1 8 13 6 4 8 14 8 4 6 9 3 12 6 12 3 11 7 10 2 10 7 12 5 13 8 1
1 8 13 6 4 8 14 8 4 6 12 3 11 7 10 2 10 7 12 6 9 3 12 5 13 8 1
1 8 13 6 4 8 14 8 4 6 12 3 12 6 9 3 11 7 10 2 10 7 12 5 13 8 1
1 8 13 6 4 8 14 8 4 6 12 6 9 3 11 7 10 2 10 7 12 3 12 5 13 8 1
1 8 13 6 4 8 14 8 4 6 12 6 9 3 12 3 11 7 10 2 10 7 12 5 13 8 1
1 8 13 6 9 3 11 7 10 2 10 7 12 3 12 5 13 8 4 6 12 6 4 8 14 8 1
1 8 13 6 9 3 11 7 10 2 10 7 12 3 12 5 13 8 14 8 4 6 12 6 4 8 1
1 8 13 6 9 3 11 7 10 2 10 7 12 3 12 6 4 6 12 5 13 8 4 8 14 8 1
1 8 13 6 9 3 11 7 10 2 10 7 12 3 12 6 4 6 12 5 13 8 14 8 4 8 1
1 8 13 6 9 3 11 7 10 2 10 7 12 3 12 6 4 8 4 6 12 5 13 8 14 8 1
1 8 13 6 9 3 11 7 10 2 10 7 12 3 12 6 4 8 14 8 4 6 12 5 13 8 1
1 8 13 6 9 3 11 7 10 2 10 7 12 3 12 6 12 5 13 8 4 6 4 8 14 8 1
1 8 13 6 9 3 11 7 10 2 10 7 12 3 12 6 12 5 13 8 14 8 4 6 4 8 1
1 8 13 6 9 3 11 7 10 2 10 7 12 5 13 8 4 6 12 3 12 6 4 8 14 8 1
1 8 13 6 9 3 11 7 10 2 10 7 12 5 13 8 14 8 4 6 12 3 12 6 4 8 1
1 8 13 6 9 3 11 7 10 2 10 7 12 6 4 6 12 3 12 5 13 8 4 8 14 8 1
1 8 13 6 9 3 11 7 10 2 10 7 12 6 4 6 12 3 12 5 13 8 14 8 4 8 1
1 8 13 6 9 3 11 7 10 2 10 7 12 6 4 8 4 6 12 3 12 5 13 8 14 8 1
1 8 13 6 9 3 11 7 10 2 10 7 12 6 4 8 14 8 4 6 12 3 12 5 13 8 1
1 8 13 6 9 3 11 7 10 2 10 7 12 6 12 3 12 5 13 8 4 6 4 8 14 8 1
1 8 13 6 9 3 11 7 10 2 10 7 12 6 12 3 12 5 13 8 14 8 4 6 4 8 1
1 8 13 6 9 3 12 3 11 7 10 2 10 7 12 5 13 8 4 6 12 6 4 8 14 8 1
1 8 13 6 9 3 12 3 11 7 10 2 10 7 12 5 13 8 14 8 4 6 12 6 4 8 1
1 8 13 6 9 3 12 3 11 7 10 2 10 7 12 6 4 6 12 5 13 8 4 8 14 8 1
1 8 13 6 9 3 12 3 11 7 10 2 10 7 12 6 4 6 12 5 13 8 14 8 4 8 1
1 8 13 6 9 3 12 3 11 7 10 2 10 7 12 6 4 8 4 6 12 5 13 8 14 8 1
1 8 13 6 9 3 12 3 11 7 10 2 10 7 12 6 4 8 14 8 4 6 12 5 13 8 1
1 8 13 6 9 3 12 3 11 7 10 2 10 7 12 6 12 5 13 8 4 6 4 8 14 8 1
1 8 13 6 9 3 12 3 11 7 10 2 10 7 12 6 12 5 13 8 14 8 4 6 4 8 1
1 8 13 6 9 3 12 5 13 8 4 6 12 3 11 7 10 2 10 7 12 6 4 8 14 8 1
1 8 13 6 9 3 12 5 13 8 14 8 4 6 12 3 11 7 10 2 10 7 12 6 4 8 1
1 8 13 6 9 3 12 6 4 6 12 3 11 7 10 2 10 7 12 5 13 8 4 8 14 8 1
1 8 13 6 9 3 12 6 4 6 12 3 11 7 10 2 10 7 12 5 13 8 14 8 4 8 1
1 8 13 6 9 3 12 6 4 8 4 6 12 3 11 7 10 2 10 7 12 5 13 8 14 8 1
1 8 13 6 9 3 12 6 4 8 14 8 4 6 12 3 11 7 10 2 10 7 12 5 13 8 1
1 8 13 6 9 3 12 6 12 3 11 7 10 2 10 7 12 5 13 8 4 6 4 8 14 8 1
1 8 13 6 9 3 12 6 12 3 11 7 10 2 10 7 12 5 13 8 14 8 4 6 4 8 1
1 8 13 6 12 3 11 7 10 2 10 7 12 5 13 8 4 6 9 3 12 6 4 8 14 8 1
1 8 13 6 12 3 11 7 10 2 10 7 12 5 13 8 14 8 4 6 9 3 12 6 4 8 1
1 8 13 6 12 3 11 7 10 2 10 7 12 6 4 6 9 3 12 5 13 8 4 8 14 8 1
1 8 13 6 12 3 11 7 10 2 10 7 12 6 4 6 9 3 12 5 13 8 14 8 4 8 1
1 8 13 6 12 3 11 7 10 2 10 7 12 6 4 8 4 6 9 3 12 5 13 8 14 8 1
1 8 13 6 12 3 11 7 10 2 10 7 12 6 4 8 14 8 4 6 9 3 12 5 13 8 1
1 8 13 6 12 3 11 7 10 2 10 7 12 6 9 3 12 5 13 8 4 6 4 8 14 8 1
1 8 13 6 12 3 11 7 10 2 10 7 12 6 9 3 12 5 13 8 14 8 4 6 4 8 1
1 8 13 6 12 3 12 5 13 8 4 6 9 3 11 7 10 2 10 7 12 6 4 8 14 8 1
1 8 13 6 12 3 12 5 13 8 14 8 4 6 9 3 11 7 10 2 10 7 12 6 4 8 1
1 8 13 6 12 3 12 6 4 6 9 3 11 7 10 2 10 7 12 5 13 8 4 8 14 8 1
1 8 13 6 12 3 12 6 4 6 9 3 11 7 10 2 10 7 12 5 13 8 14 8 4 8 1
1 8 13 6 12 3 12 6 4 8 4 6 9 3 11 7 10 2 10 7 12 5 13 8 14 8 1
1 8 13 6 12 3 12 6 4 8 14 8 4 6 9 3 11 7 10 2 10 7 12 5 13 8 1
1 8 13 6 12 3 12 6 9 3 11 7 10 2 10 7 12 5 13 8 4 6 4 8 14 8 1
1 8 13 6 12 3 12 6 9 3 11 7 10 2 10 7 12 5 13 8 14 8 4 6 4 8 1
1 8 13 6 12 5 13 8 4 6 9 3 11 7 10 2 10 7 12 3 12 6 4 8 14 8 1
1 8 13 6 12 5 13 8 4 6 9 3 12 3 11 7 10 2 10 7 12 6 4 8 14 8 1
1 8 13 6 12 5 13 8 14 8 4 6 9 3 11 7 10 2 10 7 12 3 12 6 4 8 1
1 8 13 6 12 5 13 8 14 8 4 6 9 3 12 3 11 7 10 2 10 7 12 6 4 8 1
1 8 13 6 12 6 4 6 9 3 11 7 10 2 10 7 12 3 12 5 13 8 4 8 14 8 1
1 8 13 6 12 6 4 6 9 3 11 7 10 2 10 7 12 3 12 5 13 8 14 8 4 8 1
1 8 13 6 12 6 4 6 9 3 12 3 11 7 10 2 10 7 12 5 13 8 4 8 14 8 1
1 8 13 6 12 6 4 6 9 3 12 3 11 7 10 2 10 7 12 5 13 8 14 8 4 8 1
1 8 13 6 12 6 4 8 4 6 9 3 11 7 10 2 10 7 12 3 12 5 13 8 14 8 1
1 8 13 6 12 6 4 8 4 6 9 3 12 3 11 7 10 2 10 7 12 5 13 8 14 8 1
1 8 13 6 12 6 4 8 14 8 4 6 9 3 11 7 10 2 10 7 12 3 12 5 13 8 1
1 8 13 6 12 6 4 8 14 8 4 6 9 3 12 3 11 7 10 2 10 7 12 5 13 8 1
1 8 13 6 12 6 9 3 11 7 10 2 10 7 12 3 12 5 13 8 4 6 4 8 14 8 1
1 8 13 6 12 6 9 3 11 7 10 2 10 7 12 3 12 5 13 8 14 8 4 6 4 8 1
1 8 13 6 12 6 9 3 12 3 11 7 10 2 10 7 12 5 13 8 4 6 4 8 14 8 1
1 8 13 6 12 6 9 3 12 3 11 7 10 2 10 7 12 5 13 8 14 8 4 6 4 8 1
1 8 13 8 4 6 9 3 11 7 10 2 10 7 12 3 12 5 13 6 12 6 4 8 14 8 1
1 8 13 8 4 6 9 3 11 7 10 2 10 7 12 3 12 6 12 5 13 6 4 8 14 8 1
1 8 13 8 4 6 9 3 11 7 10 2 10 7 12 5 13 6 12 3 12 6 4 8 14 8 1
1 8 13 8 4 6 9 3 11 7 10 2 10 7 12 6 12 3 12 5 13 6 4 8 14 8 1
1 8 13 8 4 6 9 3 12 3 11 7 10 2 10 7 12 5 13 6 12 6 4 8 14 8 1
1 8 13 8 4 6 9 3 12 3 11 7 10 2 10 7 12 6 12 5 13 6 4 8 14 8 1
1 8 13 8 4 6 9 3 12 5 13 6 12 3 11 7 10 2 10 7 12 6 4 8 14 8 1
1 8 13 8 4 6 9 3 12 6 12 3 11 7 10 2 10 7 12 5 13 6 4 8 14 8 1
1 8 13 8 4 6 12 3 11 7 10 2 10 7 12 5 13 6 9 3 12 6 4 8 14 8 1
1 8 13 8 4 6 12 3 11 7 10 2 10 7 12 6 9 3 12 5 13 6 4 8 14 8 1
1 8 13 8 4 6 12 3 12 5 13 6 9 3 11 7 10 2 10 7 12 6 4 8 14 8 1
1 8 13 8 4 6 12 3 12 6 9 3 11 7 10 2 10 7 12 5 13 6 4 8 14 8 1
1 8 13 8 4 6 12 5 13 6 9 3 11 7 10 2 10 7 12 3 12 6 4 8 14 8 1
1 8 13 8 4 6 12 5 13 6 9 3 12 3 11 7 10 2 10 7 12 6 4 8 14 8 1
1 8 13 8 4 6 12 6 9 3 11 7 10 2 10 7 12 3 12 5 13 6 4 8 14 8 1
1 8 13 8 4 6 12 6 9 3 12 3 11 7 10 2 10 7 12 5 13 6 4 8 14 8 1
1 8 13 8 14 8 4 6 9 3 11 7 10 2 10 7 12 3 12 5 13 6 12 6 4 8 1
1 8 13 8 14 8 4 6 9 3 11 7 10 2 10 7 12 3 12 6 12 5 13 6 4 8 1
1 8 13 8 14 8 4 6 9 3 11 7 10 2 10 7 12 5 13 6 12 3 12 6 4 8 1
1 8 13 8 14 8 4 6 9 3 11 7 10 2 10 7 12 6 12 3 12 5 13 6 4 8 1
1 8 13 8 14 8 4 6 9 3 12 3 11 7 10 2 10 7 12 5 13 6 12 6 4 8 1
1 8 13 8 14 8 4 6 9 3 12 3 11 7 10 2 10 7 12 6 12 5 13 6 4 8 1
1 8 13 8 14 8 4 6 9 3 12 5 13 6 12 3 11 7 10 2 10 7 12 6 4 8 1
1 8 13 8 14 8 4 6 9 3 12 6 12 3 11 7 10 2 10 7 12 5 13 6 4 8 1
1 8 13 8 14 8 4 6 12 3 11 7 10 2 10 7 12 5 13 6 9 3 12 6 4 8 1
1 8 13 8 14 8 4 6 12 3 11 7 10 2 10 7 12 6 9 3 12 5 13 6 4 8 1
1 8 13 8 14 8 4 6 12 3 12 5 13 6 9 3 11 7 10 2 10 7 12 6 4 8 1
1 8 13 8 14 8 4 6 12 3 12 6 9 3 11 7 10 2 10 7 12 5 13 6 4 8 1
1 8 13 8 14 8 4 6 12 5 13 6 9 3 11 7 10 2 10 7 12 3 12 6 4 8 1
1 8 13 8 14 8 4 6 12 5 13 6 9 3 12 3 11 7 10 2 10 7 12 6 4 8 1
1 8 13 8 14 8 4 6 12 6 9 3 11 7 10 2 10 7 12 3 12 5 13 6 4 8 1
1 8 13 8 14 8 4 6 12 6 9 3 12 3 11 7 10 2 10 7 12 5 13 6 4 8 1
1 8 14 8 4 6 4 8 13 6 9 3 11 7 10 2 10 7 12 3 12 6 12 5 13 8 1
1 8 14 8 4 6 4 8 13 6 9 3 11 7 10 2 10 7 12 6 12 3 12 5 13 8 1
1 8 14 8 4 6 4 8 13 6 9 3 12 3 11 7 10 2 10 7 12 6 12 5 13 8 1
1 8 14 8 4 6 4 8 13 6 9 3 12 6 12 3 11 7 10 2 10 7 12 5 13 8 1
1 8 14 8 4 6 4 8 13 6 12 3 11 7 10 2 10 7 12 6 9 3 12 5 13 8 1
1 8 14 8 4 6 4 8 13 6 12 3 12 6 9 3 11 7 10 2 10 7 12 5 13 8 1
1 8 14 8 4 6 4 8 13 6 12 6 9 3 11 7 10 2 10 7 12 3 12 5 13 8 1
1 8 14 8 4 6 4 8 13 6 12 6 9 3 12 3 11 7 10 2 10 7 12 5 13 8 1
1 8 14 8 4 6 9 3 11 7 10 2 10 7 12 3 12 5 13 6 12 6 4 8 13 8 1
1 8 14 8 4 6 9 3 11 7 10 2 10 7 12 3 12 5 13 8 13 6 12 6 4 8 1
1 8 14 8 4 6 9 3 11 7 10 2 10 7 12 3 12 6 4 8 13 6 12 5 13 8 1
1 8 14 8 4 6 9 3 11 7 10 2 10 7 12 3 12 6 12 5 13 6 4 8 13 8 1
1 8 14 8 4 6 9 3 11 7 10 2 10 7 12 3 12 6 12 5 13 8 13 6 4 8 1
1 8 14 8 4 6 9 3 11 7 10 2 10 7 12 5 13 6 12 3 12 6 4 8 13 8 1
1 8 14 8 4 6 9 3 11 7 10 2 10 7 12 5 13 8 13 6 12 3 12 6 4 8 1
1 8 14 8 4 6 9 3 11 7 10 2 10 7 12 6 4 8 13 6 12 3 12 5 13 8 1
1 8 14 8 4 6 9 3 11 7 10 2 10 7 12 6 12 3 12 5 13 6 4 8 13 8 1
1 8 14 8 4 6 9 3 11 7 10 2 10 7 12 6 12 3 12 5 13 8 13 6 4 8 1
1 8 14 8 4 6 9 3 12 3 11 7 10 2 10 7 12 5 13 6 12 6 4 8 13 8 1
1 8 14 8 4 6 9 3 12 3 11 7 10 2 10 7 12 5 13 8 13 6 12 6 4 8 1
1 8 14 8 4 6 9 3 12 3 11 7 10 2 10 7 12 6 4 8 13 6 12 5 13 8 1
1 8 14 8 4 6 9 3 12 3 11 7 10 2 10 7 12 6 12 5 13 6 4 8 13 8 1
1 8 14 8 4 6 9 3 12 3 11 7 10 2 10 7 12 6 12 5 13 8 13 6 4 8 1
1 8 14 8 4 6 9 3 12 5 13 6 12 3 11 7 10 2 10 7 12 6 4 8 13 8 1
1 8 14 8 4 6 9 3 12 5 13 8 13 6 12 3 11 7 10 2 10 7 12 6 4 8 1
1 8 14 8 4 6 9 3 12 6 4 8 13 6 12 3 11 7 10 2 10 7 12 5 13 8 1
1 8 14 8 4 6 9 3 12 6 12 3 11 7 10 2 10 7 12 5 13 6 4 8 13 8 1
1 8 14 8 4 6 9 3 12 6 12 3 11 7 10 2 10 7 12 5 13 8 13 6 4 8 1
1 8 14 8 4 6 12 3 11 7 10 2 10 7 12 5 13 6 9 3 12 6 4 8 13 8 1
1 8 14 8 4 6 12 3 11 7 10 2 10 7 12 5 13 8 13 6 9 3 12 6 4 8 1
1 8 14 8 4 6 12 3 11 7 10 2 10 7 12 6 4 8 13 6 9 3 12 5 13 8 1
1 8 14 8 4 6 12 3 11 7 10 2 10 7 12 6 9 3 12 5 13 6 4 8 13 8 1
1 8 14 8 4 6 12 3 11 7 10 2 10 7 12 6 9 3 12 5 13 8 13 6 4 8 1
1 8 14 8 4 6 12 3 12 5 13 6 9 3 11 7 10 2 10 7 12 6 4 8 13 8 1
1 8 14 8 4 6 12 3 12 5 13 8 13 6 9 3 11 7 10 2 10 7 12 6 4 8 1
1 8 14 8 4 6 12 3 12 6 4 8 13 6 9 3 11 7 10 2 10 7 12 5 13 8 1
1 8 14 8 4 6 12 3 12 6 9 3 11 7 10 2 10 7 12 5 13 6 4 8 13 8 1
1 8 14 8 4 6 12 3 12 6 9 3 11 7 10 2 10 7 12 5 13 8 13 6 4 8 1
1 8 14 8 4 6 12 5 13 6 9 3 11 7 10 2 10 7 12 3 12 6 4 8 13 8 1
1 8 14 8 4 6 12 5 13 6 9 3 12 3 11 7 10 2 10 7 12 6 4 8 13 8 1
1 8 14 8 4 6 12 5 13 8 13 6 9 3 11 7 10 2 10 7 12 3 12 6 4 8 1
1 8 14 8 4 6 12 5 13 8 13 6 9 3 12 3 11 7 10 2 10 7 12 6 4 8 1
1 8 14 8 4 6 12 6 4 8 13 6 9 3 11 7 10 2 10 7 12 3 12 5 13 8 1
1 8 14 8 4 6 12 6 4 8 13 6 9 3 12 3 11 7 10 2 10 7 12 5 13 8 1
1 8 14 8 4 6 12 6 9 3 11 7 10 2 10 7 12 3 12 5 13 6 4 8 13 8 1
1 8 14 8 4 6 12 6 9 3 11 7 10 2 10 7 12 3 12 5 13 8 13 6 4 8 1
1 8 14 8 4 6 12 6 9 3 12 3 11 7 10 2 10 7 12 5 13 6 4 8 13 8 1
1 8 14 8 4 6 12 6 9 3 12 3 11 7 10 2 10 7 12 5 13 8 13 6 4 8 1
1 8 14 8 4 8 13 6 4 6 9 3 11 7 10 2 10 7 12 3 12 6 12 5 13 8 1
1 8 14 8 4 8 13 6 4 6 9 3 11 7 10 2 10 7 12 6 12 3 12 5 13 8 1
1 8 14 8 4 8 13 6 4 6 9 3 12 3 11 7 10 2 10 7 12 6 12 5 13 8 1
1 8 14 8 4 8 13 6 4 6 9 3 12 6 12 3 11 7 10 2 10 7 12 5 13 8 1
1 8 14 8 4 8 13 6 4 6 12 3 11 7 10 2 10 7 12 6 9 3 12 5 13 8 1
1 8 14 8 4 8 13 6 4 6 12 3 12 6 9 3 11 7 10 2 10 7 12 5 13 8 1
1 8 14 8 4 8 13 6 4 6 12 6 9 3 11 7 10 2 10 7 12 3 12 5 13 8 1
1 8 14 8 4 8 13 6 4 6 12 6 9 3 12 3 11 7 10 2 10 7 12 5 13 8 1
1 8 14 8 4 8 13 6 9 3 11 7 10 2 10 7 12 3 12 6 4 6 12 5 13 8 1
1 8 14 8 4 8 13 6 9 3 11 7 10 2 10 7 12 6 4 6 12 3 12 5 13 8 1
1 8 14 8 4 8 13 6 9 3 12 3 11 7 10 2 10 7 12 6 4 6 12 5 13 8 1
1 8 14 8 4 8 13 6 9 3 12 6 4 6 12 3 11 7 10 2 10 7 12 5 13 8 1
1 8 14 8 4 8 13 6 12 3 11 7 10 2 10 7 12 6 4 6 9 3 12 5 13 8 1
1 8 14 8 4 8 13 6 12 3 12 6 4 6 9 3 11 7 10 2 10 7 12 5 13 8 1
1 8 14 8 4 8 13 6 12 6 4 6 9 3 11 7 10 2 10 7 12 3 12 5 13 8 1
1 8 14 8 4 8 13 6 12 6 4 6 9 3 12 3 11 7 10 2 10 7 12 5 13 8 1
1 8 14 8 13 6 4 6 9 3 11 7 10 2 10 7 12 3 12 6 12 5 13 8 4 8 1
1 8 14 8 13 6 4 6 9 3 11 7 10 2 10 7 12 6 12 3 12 5 13 8 4 8 1
1 8 14 8 13 6 4 6 9 3 12 3 11 7 10 2 10 7 12 6 12 5 13 8 4 8 1
1 8 14 8 13 6 4 6 9 3 12 6 12 3 11 7 10 2 10 7 12 5 13 8 4 8 1
1 8 14 8 13 6 4 6 12 3 11 7 10 2 10 7 12 6 9 3 12 5 13 8 4 8 1
1 8 14 8 13 6 4 6 12 3 12 6 9 3 11 7 10 2 10 7 12 5 13 8 4 8 1
1 8 14 8 13 6 4 6 12 6 9 3 11 7 10 2 10 7 12 3 12 5 13 8 4 8 1
1 8 14 8 13 6 4 6 12 6 9 3 12 3 11 7 10 2 10 7 12 5 13 8 4 8 1
1 8 14 8 13 6 4 8 4 6 9 3 11 7 10 2 10 7 12 3 12 6 12 5 13 8 1
1 8 14 8 13 6 4 8 4 6 9 3 11 7 10 2 10 7 12 6 12 3 12 5 13 8 1
1 8 14 8 13 6 4 8 4 6 9 3 12 3 11 7 10 2 10 7 12 6 12 5 13 8 1
1 8 14 8 13 6 4 8 4 6 9 3 12 6 12 3 11 7 10 2 10 7 12 5 13 8 1
1 8 14 8 13 6 4 8 4 6 12 3 11 7 10 2 10 7 12 6 9 3 12 5 13 8 1
1 8 14 8 13 6 4 8 4 6 12 3 12 6 9 3 11 7 10 2 10 7 12 5 13 8 1
1 8 14 8 13 6 4 8 4 6 12 6 9 3 11 7 10 2 10 7 12 3 12 5 13 8 1
1 8 14 8 13 6 4 8 4 6 12 6 9 3 12 3 11 7 10 2 10 7 12 5 13 8 1
1 8 14 8 13 6 9 3 11 7 10 2 10 7 12 3 12 5 13 8 4 6 12 6 4 8 1
1 8 14 8 13 6 9 3 11 7 10 2 10 7 12 3 12 6 4 6 12 5 13 8 4 8 1
1 8 14 8 13 6 9 3 11 7 10 2 10 7 12 3 12 6 4 8 4 6 12 5 13 8 1
1 8 14 8 13 6 9 3 11 7 10 2 10 7 12 3 12 6 12 5 13 8 4 6 4 8 1
1 8 14 8 13 6 9 3 11 7 10 2 10 7 12 5 13 8 4 6 12 3 12 6 4 8 1
1 8 14 8 13 6 9 3 11 7 10 2 10 7 12 6 4 6 12 3 12 5 13 8 4 8 1
1 8 14 8 13 6 9 3 11 7 10 2 10 7 12 6 4 8 4 6 12 3 12 5 13 8 1
1 8 14 8 13 6 9 3 11 7 10 2 10 7 12 6 12 3 12 5 13 8 4 6 4 8 1
1 8 14 8 13 6 9 3 12 3 11 7 10 2 10 7 12 5 13 8 4 6 12 6 4 8 1
1 8 14 8 13 6 9 3 12 3 11 7 10 2 10 7 12 6 4 6 12 5 13 8 4 8 1
1 8 14 8 13 6 9 3 12 3 11 7 10 2 10 7 12 6 4 8 4 6 12 5 13 8 1
1 8 14 8 13 6 9 3 12 3 11 7 10 2 10 7 12 6 12 5 13 8 4 6 4 8 1
1 8 14 8 13 6 9 3 12 5 13 8 4 6 12 3 11 7 10 2 10 7 12 6 4 8 1
1 8 14 8 13 6 9 3 12 6 4 6 12 3 11 7 10 2 10 7 12 5 13 8 4 8 1
1 8 14 8 13 6 9 3 12 6 4 8 4 6 12 3 11 7 10 2 10 7 12 5 13 8 1
1 8 14 8 13 6 9 3 12 6 12 3 11 7 10 2 10 7 12 5 13 8 4 6 4 8 1
1 8 14 8 13 6 12 3 11 7 10 2 10 7 12 5 13 8 4 6 9 3 12 6 4 8 1
1 8 14 8 13 6 12 3 11 7 10 2 10 7 12 6 4 6 9 3 12 5 13 8 4 8 1
1 8 14 8 13 6 12 3 11 7 10 2 10 7 12 6 4 8 4 6 9 3 12 5 13 8 1
1 8 14 8 13 6 12 3 11 7 10 2 10 7 12 6 9 3 12 5 13 8 4 6 4 8 1
1 8 14 8 13 6 12 3 12 5 13 8 4 6 9 3 11 7 10 2 10 7 12 6 4 8 1
1 8 14 8 13 6 12 3 12 6 4 6 9 3 11 7 10 2 10 7 12 5 13 8 4 8 1
1 8 14 8 13 6 12 3 12 6 4 8 4 6 9 3 11 7 10 2 10 7 12 5 13 8 1
1 8 14 8 13 6 12 3 12 6 9 3 11 7 10 2 10 7 12 5 13 8 4 6 4 8 1
1 8 14 8 13 6 12 5 13 8 4 6 9 3 11 7 10 2 10 7 12 3 12 6 4 8 1
1 8 14 8 13 6 12 5 13 8 4 6 9 3 12 3 11 7 10 2 10 7 12 6 4 8 1
1 8 14 8 13 6 12 6 4 6 9 3 11 7 10 2 10 7 12 3 12 5 13 8 4 8 1
1 8 14 8 13 6 12 6 4 6 9 3 12 3 11 7 10 2 10 7 12 5 13 8 4 8 1
1 8 14 8 13 6 12 6 4 8 4 6 9 3 11 7 10 2 10 7 12 3 12 5 13 8 1
1 8 14 8 13 6 12 6 4 8 4 6 9 3 12 3 11 7 10 2 10 7 12 5 13 8 1
1 8 14 8 13 6 12 6 9 3 11 7 10 2 10 7 12 3 12 5 13 8 4 6 4 8 1
1 8 14 8 13 6 12 6 9 3 12 3 11 7 10 2 10 7 12 5 13 8 4 6 4 8 1
1 8 14 8 13 8 4 6 9 3 11 7 10 2 10 7 12 3 12 5 13 6 12 6 4 8 1
1 8 14 8 13 8 4 6 9 3 11 7 10 2 10 7 12 3 12 6 12 5 13 6 4 8 1
1 8 14 8 13 8 4 6 9 3 11 7 10 2 10 7 12 5 13 6 12 3 12 6 4 8 1
1 8 14 8 13 8 4 6 9 3 11 7 10 2 10 7 12 6 12 3 12 5 13 6 4 8 1
1 8 14 8 13 8 4 6 9 3 12 3 11 7 10 2 10 7 12 5 13 6 12 6 4 8 1
1 8 14 8 13 8 4 6 9 3 12 3 11 7 10 2 10 7 12 6 12 5 13 6 4 8 1
1 8 14 8 13 8 4 6 9 3 12 5 13 6 12 3 11 7 10 2 10 7 12 6 4 8 1
1 8 14 8 13 8 4 6 9 3 12 6 12 3 11 7 10 2 10 7 12 5 13 6 4 8 1
1 8 14 8 13 8 4 6 12 3 11 7 10 2 10 7 12 5 13 6 9 3 12 6 4 8 1
1 8 14 8 13 8 4 6 12 3 11 7 10 2 10 7 12 6 9 3 12 5 13 6 4 8 1
1 8 14 8 13 8 4 6 12 3 12 5 13 6 9 3 11 7 10 2 10 7 12 6 4 8 1
1 8 14 8 13 8 4 6 12 3 12 6 9 3 11 7 10 2 10 7 12 5 13 6 4 8 1
1 8 14 8 13 8 4 6 12 5 13 6 9 3 11 7 10 2 10 7 12 3 12 6 4 8 1
1 8 14 8 13 8 4 6 12 5 13 6 9 3 12 3 11 7 10 2 10 7 12 6 4 8 1
1 8 14 8 13 8 4 6 12 6 9 3 11 7 10 2 10 7 12 3 12 5 13 6 4 8 1
1 8 14 8 13 8 4 6 12 6 9 3 12 3 11 7 10 2 10 7 12 5 13 6 4 8 1
